[ModMass]
Oxidation = 15.994915
CAM = 57.02146
Carbamidomethyl = 57.02146
ICAT_light = 227.12
ICAT_heavy = 236.12
AB_old_ICATd0 = 442.20
AB_old_ICATd8 = 450.20
Acetyl = 42.0106
Deamidation = 0.9840
Pyro-cmC = -17.026549
Pyro-glu = -17.026549
Pyro_glu = -18.010565
Amide = -0.984016
Phospho = 79.9663
Methyl = 14.0157
Carbamyl = 43.00581
Delta:H[2]C[2] = 26.015650
